.PageDF <- structure(list(NA_real_, NA_real_, k3 = c(0.166666666666667,
0.333333333333333, 0, 0.333333333333333, 0.166666666666667),
    k4 = c(0.0416666666666667, 0.125, 0.0416666666666667, 0.166666666666667,
    0.0833333333333333, 0.0833333333333333, 0.0833333333333333,
    0.166666666666667, 0.0416666666666667, 0.125, 0.0416666666666667
    ), k5 = c(0.00833333333333333, 0.0333333333333333, 0.025,
    0.05, 0.0583333333333333, 0.05, 0.0333333333333333, 0.0833333333333333,
    0.05, 0.0833333333333333, 0.05, 0.0833333333333333, 0.05,
    0.0833333333333333, 0.0333333333333333, 0.05, 0.0583333333333333,
    0.05, 0.025, 0.0333333333333333, 0.00833333333333333), k6 = c(0.00138888888888889,
    0.00694444444444444, 0.00833333333333333, 0.0125, 0.0222222222222222,
    0.0166666666666667, 0.0194444444444444, 0.0333333333333333,
    0.0277777777777778, 0.0291666666666667, 0.0319444444444444,
    0.0388888888888889, 0.0333333333333333, 0.0472222222222222,
    0.0277777777777778, 0.0444444444444444, 0.0583333333333333,
    0.0402777777777778, 0.0402777777777778, 0.0583333333333333,
    0.0444444444444444, 0.0277777777777778, 0.0472222222222222,
    0.0333333333333333, 0.0388888888888889, 0.0319444444444444,
    0.0291666666666667, 0.0277777777777778, 0.0333333333333333,
    0.0194444444444444, 0.0166666666666667, 0.0222222222222222,
    0.0125, 0.00833333333333333, 0.00694444444444444, 0.00138888888888889
    ), k7 = c(0.000198412698412698, 0.00119047619047619, 0.00198412698412698,
    0.00277777777777778, 0.00575396825396825, 0.00515873015873016,
    0.00694444444444444, 0.00912698412698413, 0.0109126984126984,
    0.0107142857142857, 0.0146825396825397, 0.0138888888888889,
    0.0166666666666667, 0.0178571428571429, 0.0154761904761905,
    0.0178571428571429, 0.0255952380952381, 0.021031746031746,
    0.0244047619047619, 0.0265873015873016, 0.0291666666666667,
    0.0194444444444444, 0.0333333333333333, 0.0257936507936508,
    0.0347222222222222, 0.0285714285714286, 0.0333333333333333,
    0.0285714285714286, 0.0365079365079365, 0.0285714285714286,
    0.0333333333333333, 0.0285714285714286, 0.0347222222222222,
    0.0257936507936508, 0.0333333333333333, 0.0194444444444444,
    0.0291666666666667, 0.0265873015873016, 0.0244047619047619,
    0.021031746031746, 0.0255952380952381, 0.0178571428571429,
    0.0154761904761905, 0.0178571428571429, 0.0166666666666667,
    0.0138888888888889, 0.0146825396825397, 0.0107142857142857,
    0.0109126984126984, 0.00912698412698413, 0.00694444444444444,
    0.00515873015873016, 0.00575396825396825, 0.00277777777777778,
    0.00198412698412698, 0.00119047619047619, 0.000198412698412698
    ), k8 = c(0.0000248015873015873, 0.000173611111111111, 0.00037202380952381,
    0.000545634920634921, 0.0011656746031746, 0.00133928571428571,
    0.00173611111111111, 0.00233134920634921, 0.00319940476190476,
    0.00307539682539683, 0.00441468253968254, 0.00453869047619048,
    0.00587797619047619, 0.00590277777777778, 0.0068452380952381,
    0.00654761904761905, 0.00939980158730159, 0.00865575396825397,
    0.00942460317460317, 0.00992063492063492, 0.0128224206349206,
    0.0097718253968254, 0.0134424603174603, 0.012202380952381,
    0.0158730158730159, 0.0138144841269841, 0.0165178571428571,
    0.0147569444444444, 0.0192460317460317, 0.0169642857142857,
    0.0194940476190476, 0.0178075396825397, 0.0228670634920635,
    0.0184771825396825, 0.0227430555555556, 0.0193700396825397,
    0.0243551587301587, 0.0204861111111111, 0.0235615079365079,
    0.0209325396825397, 0.0264384920634921, 0.0209573412698413,
    0.0232142857142857, 0.0209573412698413, 0.0264384920634921,
    0.0209325396825397, 0.0235615079365079, 0.0204861111111111,
    0.0243551587301587, 0.0193700396825397, 0.0227430555555556,
    0.0184771825396825, 0.0228670634920635, 0.0178075396825397,
    0.0194940476190476, 0.0169642857142857, 0.0192460317460317,
    0.0147569444444444, 0.0165178571428571, 0.0138144841269841,
    0.0158730158730159, 0.012202380952381, 0.0134424603174603,
    0.0097718253968254, 0.0128224206349206, 0.00992063492063492,
    0.00942460317460317, 0.00865575396825397, 0.00939980158730159,
    0.00654761904761905, 0.0068452380952381, 0.00590277777777778,
    0.00587797619047619, 0.00453869047619048, 0.00441468253968254,
    0.00307539682539683, 0.00319940476190476, 0.00233134920634921,
    0.00173611111111111, 0.00133928571428571, 0.0011656746031746,
    0.000545634920634921, 0.00037202380952381, 0.000173611111111111,
    0.0000248015873015873), k9 = c(0.00000275573192239859, 0.0000220458553791887,
    0.0000578703703703704, 0.000093694885361552, 0.000198412698412698,
    0.000281084656084656, 0.000358245149911817, 0.000523589065255732,
    0.000716490299823633, 0.000782627865961199, 0.00109678130511464,
    0.00125110229276896, 0.00152943121693122, 0.00169753086419753,
    0.00208333333333333, 0.00205026455026455, 0.00281635802469136,
    0.00287147266313933, 0.00319389329805996, 0.00353284832451499,
    0.00428516313932981, 0.00383597883597884, 0.00473710317460317,
    0.00484457671957672, 0.00553626543209877, 0.00559964726631393,
    0.00628858024691358, 0.00610119047619048, 0.00737433862433862,
    0.00713734567901235, 0.00793099647266314, 0.00806878306878307,
    0.00936122134038801, 0.00864748677248677, 0.0100501543209877,
    0.00983245149911817, 0.0108052248677249, 0.0106536596119929,
    0.0118799603174603, 0.0111607142857143, 0.013370811287478,
    0.0123787477954145, 0.0132716049382716, 0.0131834215167548,
    0.0151703042328042, 0.0136518959435626, 0.0155368165784832,
    0.0146164021164021, 0.0162312610229277, 0.0151179453262787,
    0.0170524691358025, 0.015162037037037, 0.0177358906525573,
    0.0160438712522046, 0.0171764770723104, 0.0166005291005291,
    0.0184551366843034, 0.0157627865961199, 0.0183862433862434,
    0.0165895061728395, 0.0184303350970018, 0.0165895061728395,
    0.0183862433862434, 0.0157627865961199, 0.0184551366843034,
    0.0166005291005291, 0.0171764770723104, 0.0160438712522046,
    0.0177358906525573, 0.015162037037037, 0.0170524691358025,
    0.0151179453262787, 0.0162312610229277, 0.0146164021164021,
    0.0155368165784832, 0.0136518959435626, 0.0151703042328042,
    0.0131834215167548, 0.0132716049382716, 0.0123787477954145,
    0.013370811287478, 0.0111607142857143, 0.0118799603174603,
    0.0106536596119929, 0.0108052248677249, 0.00983245149911817,
    0.0100501543209877, 0.00864748677248677, 0.00936122134038801,
    0.00806878306878307, 0.00793099647266314, 0.00713734567901235,
    0.00737433862433862, 0.00610119047619048, 0.00628858024691358,
    0.00559964726631393, 0.00553626543209877, 0.00484457671957672,
    0.00473710317460317, 0.00383597883597884, 0.00428516313932981,
    0.00353284832451499, 0.00319389329805996, 0.00287147266313933,
    0.00281635802469136, 0.00205026455026455, 0.00208333333333333,
    0.00169753086419753, 0.00152943121693122, 0.00125110229276896,
    0.00109678130511464, 0.000782627865961199, 0.000716490299823633,
    0.000523589065255732, 0.000358245149911817, 0.000281084656084656,
    0.000198412698412698, 0.000093694885361552, 0.0000578703703703704,
    0.0000220458553791887, 0.00000275573192239859),